{
	"asset": {
		"generator": "SOLIDWORKSGLTF",
		"version" : "2.0"
	},
"extensionsUsed": [ "KHR_lights_punctual", "Solidworks_custom_properties", "KHR_draco_mesh_compression"],
"extensionsRequired": [ "KHR_draco_mesh_compression" ],
	"scene" : 0,
	"scenes": [
		{
			"name": "Predeterminado - Estado de visualización-1",
			"nodes": [
				0, 1]
		}
	],
	"nodes": [
		{
			"matrix": [
				-0.943922,					-0.0200656,					0.329557,					0,
				0.0321071,					0.987842,					0.152108,					0,
				-0.328602,					0.154159,					-0.931802,					0,
				-10.2684,					6.66491,					-29.8022,					1
			]
			,"camera": 0
			,"name": "current"		}
,
		{
			"children": [
				2, 3, 4, 5, 6, 7, 8, 12, 13, 14, 15, 16, 17, 18, 19, 20, 21, 22, 23, 52, 53
			]
			,"name": "Ensamblaje1"		}
,
		{
			"matrix": [
				0.878907,					-1.4479e-17,					-0.476993,					0,
				0.476993,					5.42054e-16,					0.878907,					0,
				2.61076e-16,					-1,					5.27356e-16,					0,
				0.0120911,					2.25476,					-0.000412548,					1
			]
			,"mesh": 0
			,"name": "moduloscomp-2"		}
,
		{
			"matrix": [
				0.846844,					8.62886e-17,					-0.531841,					0,
				0.531841,					6.64632e-16,					0.846844,					0,
				4.26552e-16,					-1,					5.16948e-16,					0,
				0.0120911,					2.26746,					-0.000412548,					1
			]
			,"mesh": 1
			,"name": "base computadora-3"		}
,
		{
			"matrix": [
				1,					0,					0,					0,
				0,					1,					0,					0,
				0,					0,					1,					0,
				0.0120911,					0.00046228,					-0.000412548,					1
			]
			,"mesh": 2
			,"name": "f4-1"		}
,
		{
			"matrix": [
				-5.55112e-17,					5.31085e-16,					1,					0,
				-4.00021e-16,					1,					-5.31085e-16,					0,
				-1,					-4.00021e-16,					-5.55112e-17,					0,
				0.0120911,					1.19343,					-0.000412548,					1
			]
			,"mesh": 3
			,"name": "ftres-1"		}
,
		{
			"matrix": [
				1,					0,					0,					0,
				0,					1,					0,					0,
				0,					0,					1,					0,
				0.0120911,					2.54046,					-0.000412548,					1
			]
			,"mesh": 4
			,"name": "nariztuerca-1"		}
,
		{
			"matrix": [
				0.905201,					1.2005e-16,					-0.424984,					0,
				3.83824e-16,					-1,					5.35051e-16,					0,
				-0.424984,					-6.47447e-16,					-0.905201,					0,
				0.0120911,					1.79343,					-0.000412548,					1
			]
			,"mesh": 5
			,"name": "ftres_2-1"		}
,
		{
			"children": [
				9, 10, 11
			]
			,"matrix": [
				-1,					-7.46575e-19,					5.55112e-17,					0,
				0,					-1.22991e-16,					-1,					0,
				-1.00333e-29,					-1,					1.23165e-16,					0,
				1.4839e-31,					0.626217,					-2.72325e-17,					1
			]
			,"name": "Motor 3km-1"		}
,
		{
			"matrix": [
				1,					0,					0,					0,
				0,					1,					0,					0,
				0,					0,					1,					0,
				-0.0120911,					0.000412548,					-0.531813,					1
			]
			,"name": "Camara Combus 3km-1"		}
,
		{
			"matrix": [
				-1,					0,					-1.00333e-29,					0,
				-7.46575e-19,					-1.22991e-16,					-1,					0,
				5.55112e-17,					-1,					1.23165e-16,					0,
				-0.0120911,					0.000412548,					-0.454025,					1
			]
			,"mesh": 6
			,"name": "Tapa 3km-1"		}
,
		{
			"matrix": [
				0.866025,					0.5,					1.02623e-16,					0,
				9.54629e-17,					3.98997e-17,					-1,					0,
				-0.5,					0.866025,					-1.31773e-17,					0,
				-0.0120911,					0.000412548,					0.460375,					1
			]
			,"mesh": 7
			,"name": "Tobera 3km-1"		}
,
		{
			"matrix": [
				0.119361,					-5.37448e-16,					-0.992851,					0,
				-1.78984e-16,					1,					-5.62836e-16,					0,
				0.992851,					2.44886e-16,					0.119361,					0,
				0.0120911,					2.11506,					-0.000412548,					1
			]
			,"mesh": 8
			,"name": "a1_2-1"		}
,
		{
			"matrix": [
				0.0174742,					-7.78891e-16,					-0.999847,					0,
				-3.7935e-16,					1,					-8.11851e-16,					0,
				0.999847,					3.44587e-16,					0.0174742,					0,
				0.0120911,					2.54046,					-0.000412548,					1
			]
			,"mesh": 9
			,"name": "punta-1"		}
,
		{
			"matrix": [
				0.878907,					-1.11158e-16,					-0.476993,					0,
				0.476993,					5.80055e-16,					0.878907,					0,
				1.78984e-16,					-1,					5.62836e-16,					0,
				0.0120911,					2.20396,					-0.000412548,					1
			]
			,"mesh": 10
			,"name": "moduloscomp-1"		}
,
		{
			"matrix": [
				0.967558,					5.3603e-16,					0.25265,					0,
				-4.16876e-16,					1,					-5.22152e-16,					0,
				-0.25265,					3.97252e-16,					0.967558,					0,
				0.0120911,					2.54046,					-0.000412548,					1
			]
			,"mesh": 11
			,"name": "nariz-1"		}
,
		{
			"matrix": [
				1,					0,					0,					0,
				0,					1,					0,					0,
				0,					0,					1,					0,
				0.0120911,					1.11358,					-0.000412548,					1
			]
			,"mesh": 12
			,"name": "a4-1"		}
,
		{
			"matrix": [
				0.486444,					-2.69445e-15,					-0.873712,					0,
				2.37754e-15,					1,					-1.7602e-15,					0,
				0.873712,					-1.22105e-15,					0.486444,					0,
				0.0120911,					1.76033,					-0.000412548,					1
			]
			,"mesh": 13
			,"name": "a2-2"		}
,
		{
			"matrix": [
				0.27384,					1.12455e-15,					0.961775,					0,
				2.42128e-15,					1,					-1.85864e-15,					0,
				-0.961775,					2.8377e-15,					0.27384,					0,
				0.0120911,					1.80343,					-0.000412548,					1
			]
			,"mesh": 14
			,"name": "a1-1"		}
,
		{
			"matrix": [
				-0.707107,					-3.00934e-16,					-0.707107,					0,
				-5.22561e-16,					-1,					9.48147e-16,					0,
				-0.707107,					1.03995e-15,					0.707107,					0,
				0.0120911,					1.22653,					-0.000412548,					1
			]
			,"mesh": 15
			,"name": "a2-1"		}
,
		{
			"matrix": [
				-1,					-7.51886e-16,					-5.55112e-17,					0,
				-7.51886e-16,					1,					-7.41463e-16,					0,
				5.55112e-17,					-7.41463e-16,					-1,					0,
				0.0120911,					0.113529,					-0.000412548,					1
			]
			,"mesh": 16
			,"name": "f3-1"		}
,
		{
			"matrix": [
				-5.32907e-15,					1.49228e-16,					1,					0,
				-1.92686e-18,					-1,					1.49212e-16,					0,
				1,					7.46575e-19,					5.30131e-15,					0,
				0.0120911,					0.138892,					-0.000412548,					1
			]
			,"mesh": 17
			,"name": "a5-1"		}
,
		{
			"matrix": [
				-0.786453,					2.0292e-16,					0.617651,					0,
				-1.83339e-16,					1,					-5.6198e-16,					0,
				-0.617651,					-5.55211e-16,					-0.786453,					0,
				0.0120911,					2.07196,					-0.000412548,					1
			]
			,"mesh": 18
			,"name": "a2-3"		}
,
		{
			"children": [
				24, 25, 26, 27, 28, 29, 30, 31, 32, 33, 34, 35, 36, 37, 38, 39, 40, 41, 42, 43, 44, 45, 46, 47, 48, 49, 50, 51
			]
			,"matrix": [
				0.707107,					6.30753e-16,					0.707107,					0,
				-3.89243e-16,					1,					-5.02777e-16,					0,
				-0.707107,					8.02803e-17,					0.707107,					0,
				0.121256,					1.90269,					-0.0978048,					1
			]
			,"name": "AIRBREAKES1-1"		}
,
		{
			"matrix": [
				0.461802,					0.879788,					-0.112744,					0,
				-0.854685,					0.475366,					0.208663,					0,
				0.237174,					-3.33067e-16,					0.971467,					0,
				0.0903442,					0.0376007,					0.122651,					1
			]
			,"mesh": 19
			,"name": "Escuadra-1"		}
,
		{
			"matrix": [
				0.00589313,					0.999982,					-0.00143875,					0,
				-0.971449,					0.00606621,					0.237169,					0,
				0.237174,					1.17506e-15,					0.971467,					0,
				0.0869743,					0.0426804,					0.123474,					1
			]
			,"mesh": 20
			,"name": "Tub-1"		}
,
		{
			"matrix": [
				-0.965388,					-7.20959e-16,					0.260816,					0,
				-9.68145e-16,					1,					-8.19264e-16,					0,
				-0.260816,					-1.04342e-15,					-0.965388,					0,
				-0.0083245,					-0.0656317,					0.146058,					1
			]
			,"mesh": 21
			,"name": "tubtapas-3"		}
,
		{
			"matrix": [
				0.971467,					-2.1944e-15,					-0.237174,					0,
				1.77671e-15,					1,					-1.97486e-15,					0,
				0.237174,					1.49712e-15,					0.971467,					0,
				-0.0083245,					0.0813683,					0.146058,					1
			]
			,"mesh": 22
			,"name": "SopFij-1"		}
,
		{
			"matrix": [
				0.00143875,					0.999982,					0.00589313,					0,
				-0.237169,					0.00606621,					-0.971449,					0,
				-0.971467,					3.19883e-15,					0.237174,					0,
				0.0142594,					0.0426804,					0.241357,					1
			]
			,"mesh": 23
			,"name": "Tub-2"		}
,
		{
			"matrix": [
				-0.971467,					2.1291e-15,					0.237174,					0,
				1.76626e-15,					1,					-1.74235e-15,					0,
				-0.237174,					-1.27372e-15,					-0.971467,					0,
				-0.0083245,					0.0813683,					0.146058,					1
			]
			,"mesh": 24
			,"name": "SopFij-3"		}
,
		{
			"matrix": [
				0.854638,					-2.27587e-17,					0.519224,					0,
				1.99521e-17,					-1,					-7.66731e-17,					0,
				0.519224,					7.58873e-17,					-0.854638,					0,
				-0.0083245,					0.175268,					0.146058,					1
			]
			,"mesh": 25
			,"name": "coplesfrenosup-1"		}
,
		{
			"matrix": [
				-0.237174,					-1.30709e-15,					-0.971467,					0,
				1.83884e-15,					1,					-1.79441e-15,					0,
				0.971467,					-2.21196e-15,					-0.237174,					0,
				-0.0083245,					0.050008,					0.146058,					1
			]
			,"mesh": 26
			,"name": "DiscoACT-1"		}
,
		{
			"matrix": [
				0.999703,					-4.72578e-17,					-0.0243815,					0,
				-3.41033e-17,					-1,					5.39946e-16,					0,
				-0.0243815,					-5.38954e-16,					-0.999703,					0,
				-0.0083245,					0.050008,					0.146058,					1
			]
			,"mesh": 27
			,"name": "TuercaDeVarilla-2"		}
,
		{
			"matrix": [
				-0.854638,					2.27587e-17,					-0.519224,					0,
				1.99521e-17,					-1,					-7.66731e-17,					0,
				-0.519224,					-7.58873e-17,					0.854638,					0,
				0.0267225,					0.23893,					0.124234,					1
			]
			,"mesh": 28
			,"name": "Nema 17 42HS48-1684-1"		}
,
		{
			"matrix": [
				-9.51307e-16,					1,					-9.16199e-16,					0,
				-0.844093,					-3.11729e-16,					0.536196,					0,
				0.536196,					1.28344e-15,					0.844093,					0,
				-0.0083245,					0.156768,					0.146058,					1
			]
			,"mesh": 29
			,"name": "acoplador-D25 8MM-1"		}
,
		{
			"matrix": [
				0.112744,					0.879788,					0.461802,					0,
				-0.208663,					0.475366,					-0.854685,					0,
				-0.971467,					2.81719e-15,					0.237174,					0,
				0.021104,					-0.0256887,					0.266598,					1
			]
			,"mesh": 30
			,"name": "Aletas-2"		}
,
		{
			"matrix": [
				0.854638,					-6.15844e-16,					0.519224,					0,
				1.81419e-15,					1,					-1.80006e-15,					0,
				-0.519224,					2.48037e-15,					0.854638,					0,
				-0.0083245,					-0.0416317,					0.146058,					1
			]
			,"mesh": 31
			,"name": "coplesfrenos-1"		}
,
		{
			"matrix": [
				0.112744,					0.879788,					0.461802,					0,
				-0.208663,					0.475366,					-0.854685,					0,
				-0.971467,					2.72005e-15,					0.237174,					0,
				0.0150821,					0.0376007,					0.244727,					1
			]
			,"mesh": 32
			,"name": "Escuadra-2"		}
,
		{
			"matrix": [
				0.939198,					-1.97215e-30,					-0.343377,					0,
				1.38481e-30,					1,					-1.9557e-30,					0,
				0.343377,					1.36128e-30,					0.939198,					0,
				-0.0354593,					-0.0416317,					0.129573,					1
			]
			,"mesh": 33
			,"name": "tubtapas-1"		}
,
		{
			"matrix": [
				0.971467,					-2.1944e-15,					-0.237174,					0,
				1.77671e-15,					1,					-1.97486e-15,					0,
				0.237174,					1.49712e-15,					0.971467,					0,
				-0.0083245,					-0.0736317,					0.146058,					1
			]
			,"mesh": 34
			,"name": "frenocase-1"		}
,
		{
			"matrix": [
				0.461802,					0.879788,					-0.112744,					0,
				-0.854685,					0.475366,					0.208663,					0,
				0.237174,					8.46545e-16,					0.971467,					0,
				0.112215,					-0.0256887,					0.116629,					1
			]
			,"mesh": 35
			,"name": "Aletas-1"		}
,
		{
			"matrix": [
				0.999703,					9.86076e-32,					-0.0243815,					0,
				-9.86076e-32,					1,					0,					0,
				0.0243815,					9.86076e-32,					0.999703,					0,
				-0.0083245,					0.056358,					0.146058,					1
			]
			,"mesh": 36
			,"name": "TuercaDeVarilla-1"		}
,
		{
			"matrix": [
				-0.20916,					7.0804e-17,					-0.977882,					0,
				-1.99521e-17,					1,					7.66731e-17,					0,
				0.977882,					3.55477e-17,					-0.20916,					0,
				0.0188103,					-0.0416317,					0.162543,					1
			]
			,"mesh": 37
			,"name": "tubtapas-2"		}
,
		{
			"matrix": [
				0.237174,					1.53279e-15,					0.971467,					0,
				1.82066e-15,					1,					-2.0223e-15,					0,
				-0.971467,					2.24835e-15,					0.237174,					0,
				-0.0083245,					0.0813683,					0.146058,					1
			]
			,"mesh": 38
			,"name": "SopFij-2"		}
,
		{
			"matrix": [
				-0.112744,					0.879788,					-0.461802,					0,
				0.208663,					0.475366,					0.854685,					0,
				0.971467,					-7.48013e-14,					-0.237174,					0,
				-0.037753,					-0.0256887,					0.0255182,					1
			]
			,"mesh": 39
			,"name": "Aletas-4"		}
,
		{
			"matrix": [
				-0.443188,					0.889875,					0.1082,					0,
				0.864484,					0.456205,					-0.211055,					0,
				-0.237174,					-1.40166e-15,					-0.971467,					0,
				-0.131023,					-0.0242804,					0.176013,					1
			]
			,"mesh": 40
			,"name": "Aletas-3"		}
,
		{
			"matrix": [
				-0.0217806,					0.999749,					0.00531751,					0,
				0.971223,					0.0224203,					-0.237114,					0,
				-0.237174,					1.03216e-16,					-0.971467,					0,
				-0.103611,					0.0417973,					0.168639,					1
			]
			,"mesh": 41
			,"name": "Tub-3"		}
,
		{
			"matrix": [
				-0.443188,					0.889875,					0.1082,					0,
				0.864484,					0.456205,					-0.211055,					0,
				-0.237174,					-3.83035e-16,					-0.971467,					0,
				-0.107088,					0.0370219,					0.169488,					1
			]
			,"mesh": 42
			,"name": "Escuadra-3"		}
,
		{
			"matrix": [
				-0.112744,					0.879788,					-0.461802,					0,
				0.208663,					0.475366,					0.854685,					0,
				0.971467,					-7.32023e-14,					-0.237174,					0,
				-0.0317311,					0.0376007,					0.0473893,					1
			]
			,"mesh": 43
			,"name": "Escuadra-4"		}
,
		{
			"matrix": [
				-0.00143875,					0.999982,					-0.00589313,					0,
				0.237169,					0.00606621,					0.971449,					0,
				0.971467,					-1.20082e-14,					-0.237174,					0,
				-0.0309084,					0.0426804,					0.0507592,					1
			]
			,"mesh": 44
			,"name": "Tub-4"		}
,
		{
			"matrix": [
				0.237174,					1.53279e-15,					0.971467,					0,
				1.79478e-15,					1,					-2.01598e-15,					0,
				-0.971467,					2.2217e-15,					0.237174,					0,
				-0.0083245,					0.0813683,					0.146058,					1
			]
			,"mesh": 45
			,"name": "SopFij-4"		}
,
		{
			"matrix": [
				-0.237174,					-1.53279e-15,					-0.971467,					0,
				1.79478e-15,					1,					-2.01598e-15,					0,
				0.971467,					-2.2217e-15,					-0.237174,					0,
				-0.0083245,					0.0813683,					0.146058,					1
			]
			,"mesh": 46
			,"name": "SopFij-5"		}
,
		{
			"matrix": [
				0.926332,					2.02358e-17,					-0.376709,					0,
				-0.376709,					-7.27339e-16,					-0.926332,					0,
				-2.9274e-16,					1,					-6.66134e-16,					0,
				0.0120911,					2.14046,					-0.000412548,					1
			]
			,"mesh": 47
			,"name": "base computadora-2"		}
,
		{
			"matrix": [
				0.999282,					4.0663e-16,					-0.0378885,					0,
				-4.26552e-16,					1,					-5.16948e-16,					0,
				0.0378885,					5.3256e-16,					0.999282,					0,
				0.0120911,					2.14046,					-0.000412548,					1
			]
			,"mesh": 48
			,"name": "f2-1"		}
	],
	"cameras": [
		{
			"type": "orthographic",
			"orthographic" : {
				"xmag": 1,
				"ymag" : 1,
				"zfar" : 100,
				"znear" : 0.01
			}
		}
	],
	"meshes" : [
		{
			"primitives" : [
				{
					"attributes" : {
					"POSITION" : 1,
					"NORMAL" : 2,
					"TEXCOORD_0" : 3
					},
					"indices" : 0,
					"mode": 4,
					"material" : 0
					,"extensions": {
					"KHR_draco_mesh_compression": {
					"bufferView": 0,
					"attributes" : {
					"POSITION": 0,
					"NORMAL" : 1,
					"TEXCOORD_0" : 2
					}
					}
					}
				}
			]
		},
		{
			"primitives" : [
				{
					"attributes" : {
					"POSITION" : 5,
					"NORMAL" : 6,
					"TEXCOORD_0" : 7
					},
					"indices" : 4,
					"mode": 4,
					"material" : 1
					,"extensions": {
					"KHR_draco_mesh_compression": {
					"bufferView": 1,
					"attributes" : {
					"POSITION": 0,
					"NORMAL" : 1,
					"TEXCOORD_0" : 2
					}
					}
					}
				}
			]
		},
		{
			"primitives" : [
				{
					"attributes" : {
					"POSITION" : 9,
					"NORMAL" : 10,
					"TEXCOORD_0" : 11
					},
					"indices" : 8,
					"mode": 4,
					"material" : 2
					,"extensions": {
					"KHR_draco_mesh_compression": {
					"bufferView": 2,
					"attributes" : {
					"POSITION": 0,
					"NORMAL" : 1,
					"TEXCOORD_0" : 2
					}
					}
					}
				}
			]
		},
		{
			"primitives" : [
				{
					"attributes" : {
					"POSITION" : 13,
					"NORMAL" : 14,
					"TEXCOORD_0" : 15
					},
					"indices" : 12,
					"mode": 4,
					"material" : 3
					,"extensions": {
					"KHR_draco_mesh_compression": {
					"bufferView": 3,
					"attributes" : {
					"POSITION": 0,
					"NORMAL" : 1,
					"TEXCOORD_0" : 2
					}
					}
					}
				}
			]
		},
		{
			"primitives" : [
				{
					"attributes" : {
					"POSITION" : 17,
					"NORMAL" : 18,
					"TEXCOORD_0" : 19
					},
					"indices" : 16,
					"mode": 4,
					"material" : 4
					,"extensions": {
					"KHR_draco_mesh_compression": {
					"bufferView": 4,
					"attributes" : {
					"POSITION": 0,
					"NORMAL" : 1,
					"TEXCOORD_0" : 2
					}
					}
					}
				}
			]
		},
		{
			"primitives" : [
				{
					"attributes" : {
					"POSITION" : 21,
					"NORMAL" : 22,
					"TEXCOORD_0" : 23
					},
					"indices" : 20,
					"mode": 4,
					"material" : 5
					,"extensions": {
					"KHR_draco_mesh_compression": {
					"bufferView": 5,
					"attributes" : {
					"POSITION": 0,
					"NORMAL" : 1,
					"TEXCOORD_0" : 2
					}
					}
					}
				}
			]
		},
		{
			"primitives" : [
				{
					"attributes" : {
					"POSITION" : 25,
					"NORMAL" : 26,
					"TEXCOORD_0" : 27
					},
					"indices" : 24,
					"mode": 4,
					"material" : 6
					,"extensions": {
					"KHR_draco_mesh_compression": {
					"bufferView": 6,
					"attributes" : {
					"POSITION": 0,
					"NORMAL" : 1,
					"TEXCOORD_0" : 2
					}
					}
					}
				}
			]
		},
		{
			"primitives" : [
				{
					"attributes" : {
					"POSITION" : 29,
					"NORMAL" : 30,
					"TEXCOORD_0" : 31
					},
					"indices" : 28,
					"mode": 4,
					"material" : 7
					,"extensions": {
					"KHR_draco_mesh_compression": {
					"bufferView": 7,
					"attributes" : {
					"POSITION": 0,
					"NORMAL" : 1,
					"TEXCOORD_0" : 2
					}
					}
					}
				}
			]
		},
		{
			"primitives" : [
				{
					"attributes" : {
					"POSITION" : 33,
					"NORMAL" : 34,
					"TEXCOORD_0" : 35
					},
					"indices" : 32,
					"mode": 4,
					"material" : 8
					,"extensions": {
					"KHR_draco_mesh_compression": {
					"bufferView": 8,
					"attributes" : {
					"POSITION": 0,
					"NORMAL" : 1,
					"TEXCOORD_0" : 2
					}
					}
					}
				}
			]
		},
		{
			"primitives" : [
				{
					"attributes" : {
					"POSITION" : 37,
					"NORMAL" : 38,
					"TEXCOORD_0" : 39
					},
					"indices" : 36,
					"mode": 4,
					"material" : 9
					,"extensions": {
					"KHR_draco_mesh_compression": {
					"bufferView": 9,
					"attributes" : {
					"POSITION": 0,
					"NORMAL" : 1,
					"TEXCOORD_0" : 2
					}
					}
					}
				}
			]
		},
		{
			"primitives" : [
				{
					"attributes" : {
					"POSITION" : 41,
					"NORMAL" : 42,
					"TEXCOORD_0" : 43
					},
					"indices" : 40,
					"mode": 4,
					"material" : 0
					,"extensions": {
					"KHR_draco_mesh_compression": {
					"bufferView": 10,
					"attributes" : {
					"POSITION": 0,
					"NORMAL" : 1,
					"TEXCOORD_0" : 2
					}
					}
					}
				}
			]
		},
		{
			"primitives" : [
				{
					"attributes" : {
					"POSITION" : 45,
					"NORMAL" : 46,
					"TEXCOORD_0" : 47
					},
					"indices" : 44,
					"mode": 4,
					"material" : 10
					,"extensions": {
					"KHR_draco_mesh_compression": {
					"bufferView": 11,
					"attributes" : {
					"POSITION": 0,
					"NORMAL" : 1,
					"TEXCOORD_0" : 2
					}
					}
					}
				}
			]
		},
		{
			"primitives" : [
				{
					"attributes" : {
					"POSITION" : 49,
					"NORMAL" : 50,
					"TEXCOORD_0" : 51
					},
					"indices" : 48,
					"mode": 4,
					"material" : 11
					,"extensions": {
					"KHR_draco_mesh_compression": {
					"bufferView": 12,
					"attributes" : {
					"POSITION": 0,
					"NORMAL" : 1,
					"TEXCOORD_0" : 2
					}
					}
					}
				}
			]
		},
		{
			"primitives" : [
				{
					"attributes" : {
					"POSITION" : 53,
					"NORMAL" : 54,
					"TEXCOORD_0" : 55
					},
					"indices" : 52,
					"mode": 4,
					"material" : 12
					,"extensions": {
					"KHR_draco_mesh_compression": {
					"bufferView": 13,
					"attributes" : {
					"POSITION": 0,
					"NORMAL" : 1,
					"TEXCOORD_0" : 2
					}
					}
					}
				}
			]
		},
		{
			"primitives" : [
				{
					"attributes" : {
					"POSITION" : 57,
					"NORMAL" : 58,
					"TEXCOORD_0" : 59
					},
					"indices" : 56,
					"mode": 4,
					"material" : 13
					,"extensions": {
					"KHR_draco_mesh_compression": {
					"bufferView": 14,
					"attributes" : {
					"POSITION": 0,
					"NORMAL" : 1,
					"TEXCOORD_0" : 2
					}
					}
					}
				}
			]
		},
		{
			"primitives" : [
				{
					"attributes" : {
					"POSITION" : 61,
					"NORMAL" : 62,
					"TEXCOORD_0" : 63
					},
					"indices" : 60,
					"mode": 4,
					"material" : 12
					,"extensions": {
					"KHR_draco_mesh_compression": {
					"bufferView": 15,
					"attributes" : {
					"POSITION": 0,
					"NORMAL" : 1,
					"TEXCOORD_0" : 2
					}
					}
					}
				}
			]
		},
		{
			"primitives" : [
				{
					"attributes" : {
					"POSITION" : 65,
					"NORMAL" : 66,
					"TEXCOORD_0" : 67
					},
					"indices" : 64,
					"mode": 4,
					"material" : 14
					,"extensions": {
					"KHR_draco_mesh_compression": {
					"bufferView": 16,
					"attributes" : {
					"POSITION": 0,
					"NORMAL" : 1,
					"TEXCOORD_0" : 2
					}
					}
					}
				}
			]
		},
		{
			"primitives" : [
				{
					"attributes" : {
					"POSITION" : 69,
					"NORMAL" : 70,
					"TEXCOORD_0" : 71
					},
					"indices" : 68,
					"mode": 4,
					"material" : 15
					,"extensions": {
					"KHR_draco_mesh_compression": {
					"bufferView": 17,
					"attributes" : {
					"POSITION": 0,
					"NORMAL" : 1,
					"TEXCOORD_0" : 2
					}
					}
					}
				}
			]
		},
		{
			"primitives" : [
				{
					"attributes" : {
					"POSITION" : 73,
					"NORMAL" : 74,
					"TEXCOORD_0" : 75
					},
					"indices" : 72,
					"mode": 4,
					"material" : 12
					,"extensions": {
					"KHR_draco_mesh_compression": {
					"bufferView": 18,
					"attributes" : {
					"POSITION": 0,
					"NORMAL" : 1,
					"TEXCOORD_0" : 2
					}
					}
					}
				}
			]
		},
		{
			"primitives" : [
				{
					"attributes" : {
					"POSITION" : 77,
					"NORMAL" : 78,
					"TEXCOORD_0" : 79
					},
					"indices" : 76,
					"mode": 4,
					"material" : 0
					,"extensions": {
					"KHR_draco_mesh_compression": {
					"bufferView": 19,
					"attributes" : {
					"POSITION": 0,
					"NORMAL" : 1,
					"TEXCOORD_0" : 2
					}
					}
					}
				}
			]
		},
		{
			"primitives" : [
				{
					"attributes" : {
					"POSITION" : 81,
					"NORMAL" : 82,
					"TEXCOORD_0" : 83
					},
					"indices" : 80,
					"mode": 4,
					"material" : 0
					,"extensions": {
					"KHR_draco_mesh_compression": {
					"bufferView": 20,
					"attributes" : {
					"POSITION": 0,
					"NORMAL" : 1,
					"TEXCOORD_0" : 2
					}
					}
					}
				}
			]
		},
		{
			"primitives" : [
				{
					"attributes" : {
					"POSITION" : 85,
					"NORMAL" : 86,
					"TEXCOORD_0" : 87
					},
					"indices" : 84,
					"mode": 4,
					"material" : 0
					,"extensions": {
					"KHR_draco_mesh_compression": {
					"bufferView": 21,
					"attributes" : {
					"POSITION": 0,
					"NORMAL" : 1,
					"TEXCOORD_0" : 2
					}
					}
					}
				}
			]
		},
		{
			"primitives" : [
				{
					"attributes" : {
					"POSITION" : 89,
					"NORMAL" : 90,
					"TEXCOORD_0" : 91
					},
					"indices" : 88,
					"mode": 4,
					"material" : 0
					,"extensions": {
					"KHR_draco_mesh_compression": {
					"bufferView": 22,
					"attributes" : {
					"POSITION": 0,
					"NORMAL" : 1,
					"TEXCOORD_0" : 2
					}
					}
					}
				}
			]
		},
		{
			"primitives" : [
				{
					"attributes" : {
					"POSITION" : 93,
					"NORMAL" : 94,
					"TEXCOORD_0" : 95
					},
					"indices" : 92,
					"mode": 4,
					"material" : 0
					,"extensions": {
					"KHR_draco_mesh_compression": {
					"bufferView": 23,
					"attributes" : {
					"POSITION": 0,
					"NORMAL" : 1,
					"TEXCOORD_0" : 2
					}
					}
					}
				}
			]
		},
		{
			"primitives" : [
				{
					"attributes" : {
					"POSITION" : 97,
					"NORMAL" : 98,
					"TEXCOORD_0" : 99
					},
					"indices" : 96,
					"mode": 4,
					"material" : 0
					,"extensions": {
					"KHR_draco_mesh_compression": {
					"bufferView": 24,
					"attributes" : {
					"POSITION": 0,
					"NORMAL" : 1,
					"TEXCOORD_0" : 2
					}
					}
					}
				}
			]
		},
		{
			"primitives" : [
				{
					"attributes" : {
					"POSITION" : 101,
					"NORMAL" : 102,
					"TEXCOORD_0" : 103
					},
					"indices" : 100,
					"mode": 4,
					"material" : 16
					,"extensions": {
					"KHR_draco_mesh_compression": {
					"bufferView": 25,
					"attributes" : {
					"POSITION": 0,
					"NORMAL" : 1,
					"TEXCOORD_0" : 2
					}
					}
					}
				}
			]
		},
		{
			"primitives" : [
				{
					"attributes" : {
					"POSITION" : 105,
					"NORMAL" : 106,
					"TEXCOORD_0" : 107
					},
					"indices" : 104,
					"mode": 4,
					"material" : 0
					,"extensions": {
					"KHR_draco_mesh_compression": {
					"bufferView": 26,
					"attributes" : {
					"POSITION": 0,
					"NORMAL" : 1,
					"TEXCOORD_0" : 2
					}
					}
					}
				}
			]
		},
		{
			"primitives" : [
				{
					"attributes" : {
					"POSITION" : 109,
					"NORMAL" : 110,
					"TEXCOORD_0" : 111
					},
					"indices" : 108,
					"mode": 4,
					"material" : 17
					,"extensions": {
					"KHR_draco_mesh_compression": {
					"bufferView": 27,
					"attributes" : {
					"POSITION": 0,
					"NORMAL" : 1,
					"TEXCOORD_0" : 2
					}
					}
					}
				}
			]
		},
		{
			"primitives" : [
				{
					"attributes" : {
					"POSITION" : 113,
					"NORMAL" : 114,
					"TEXCOORD_0" : 115
					},
					"indices" : 112,
					"mode": 4,
					"material" : 18
					,"extensions": {
					"KHR_draco_mesh_compression": {
					"bufferView": 28,
					"attributes" : {
					"POSITION": 0,
					"NORMAL" : 1,
					"TEXCOORD_0" : 2
					}
					}
					}
				},
				{
					"attributes" : {
					"POSITION" : 117,
					"NORMAL" : 118,
					"TEXCOORD_0" : 119
					},
					"indices" : 116,
					"mode": 4,
					"material" : 19
					,"extensions": {
					"KHR_draco_mesh_compression": {
					"bufferView": 29,
					"attributes" : {
					"POSITION": 0,
					"NORMAL" : 1,
					"TEXCOORD_0" : 2
					}
					}
					}
				},
				{
					"attributes" : {
					"POSITION" : 121,
					"NORMAL" : 122,
					"TEXCOORD_0" : 123
					},
					"indices" : 120,
					"mode": 4,
					"material" : 20
					,"extensions": {
					"KHR_draco_mesh_compression": {
					"bufferView": 30,
					"attributes" : {
					"POSITION": 0,
					"NORMAL" : 1,
					"TEXCOORD_0" : 2
					}
					}
					}
				},
				{
					"attributes" : {
					"POSITION" : 125,
					"NORMAL" : 126,
					"TEXCOORD_0" : 127
					},
					"indices" : 124,
					"mode": 4,
					"material" : 21
					,"extensions": {
					"KHR_draco_mesh_compression": {
					"bufferView": 31,
					"attributes" : {
					"POSITION": 0,
					"NORMAL" : 1,
					"TEXCOORD_0" : 2
					}
					}
					}
				},
				{
					"attributes" : {
					"POSITION" : 129,
					"NORMAL" : 130,
					"TEXCOORD_0" : 131
					},
					"indices" : 128,
					"mode": 4,
					"material" : 22
					,"extensions": {
					"KHR_draco_mesh_compression": {
					"bufferView": 32,
					"attributes" : {
					"POSITION": 0,
					"NORMAL" : 1,
					"TEXCOORD_0" : 2
					}
					}
					}
				},
				{
					"attributes" : {
					"POSITION" : 133,
					"NORMAL" : 134,
					"TEXCOORD_0" : 135
					},
					"indices" : 132,
					"mode": 4,
					"material" : 23
					,"extensions": {
					"KHR_draco_mesh_compression": {
					"bufferView": 33,
					"attributes" : {
					"POSITION": 0,
					"NORMAL" : 1,
					"TEXCOORD_0" : 2
					}
					}
					}
				},
				{
					"attributes" : {
					"POSITION" : 137,
					"NORMAL" : 138,
					"TEXCOORD_0" : 139
					},
					"indices" : 136,
					"mode": 4,
					"material" : 24
					,"extensions": {
					"KHR_draco_mesh_compression": {
					"bufferView": 34,
					"attributes" : {
					"POSITION": 0,
					"NORMAL" : 1,
					"TEXCOORD_0" : 2
					}
					}
					}
				},
				{
					"attributes" : {
					"POSITION" : 141,
					"NORMAL" : 142,
					"TEXCOORD_0" : 143
					},
					"indices" : 140,
					"mode": 4,
					"material" : 25
					,"extensions": {
					"KHR_draco_mesh_compression": {
					"bufferView": 35,
					"attributes" : {
					"POSITION": 0,
					"NORMAL" : 1,
					"TEXCOORD_0" : 2
					}
					}
					}
				},
				{
					"attributes" : {
					"POSITION" : 145,
					"NORMAL" : 146,
					"TEXCOORD_0" : 147
					},
					"indices" : 144,
					"mode": 4,
					"material" : 26
					,"extensions": {
					"KHR_draco_mesh_compression": {
					"bufferView": 36,
					"attributes" : {
					"POSITION": 0,
					"NORMAL" : 1,
					"TEXCOORD_0" : 2
					}
					}
					}
				},
				{
					"attributes" : {
					"POSITION" : 149,
					"NORMAL" : 150,
					"TEXCOORD_0" : 151
					},
					"indices" : 148,
					"mode": 4,
					"material" : 27
					,"extensions": {
					"KHR_draco_mesh_compression": {
					"bufferView": 37,
					"attributes" : {
					"POSITION": 0,
					"NORMAL" : 1,
					"TEXCOORD_0" : 2
					}
					}
					}
				}
			]
		},
		{
			"primitives" : [
				{
					"attributes" : {
					"POSITION" : 153,
					"NORMAL" : 154,
					"TEXCOORD_0" : 155
					},
					"indices" : 152,
					"mode": 4,
					"material" : 28
					,"extensions": {
					"KHR_draco_mesh_compression": {
					"bufferView": 38,
					"attributes" : {
					"POSITION": 0,
					"NORMAL" : 1,
					"TEXCOORD_0" : 2
					}
					}
					}
				},
				{
					"attributes" : {
					"POSITION" : 157,
					"NORMAL" : 158,
					"TEXCOORD_0" : 159
					},
					"indices" : 156,
					"mode": 4,
					"material" : 29
					,"extensions": {
					"KHR_draco_mesh_compression": {
					"bufferView": 39,
					"attributes" : {
					"POSITION": 0,
					"NORMAL" : 1,
					"TEXCOORD_0" : 2
					}
					}
					}
				},
				{
					"attributes" : {
					"POSITION" : 161,
					"NORMAL" : 162,
					"TEXCOORD_0" : 163
					},
					"indices" : 160,
					"mode": 4,
					"material" : 30
					,"extensions": {
					"KHR_draco_mesh_compression": {
					"bufferView": 40,
					"attributes" : {
					"POSITION": 0,
					"NORMAL" : 1,
					"TEXCOORD_0" : 2
					}
					}
					}
				},
				{
					"attributes" : {
					"POSITION" : 165,
					"NORMAL" : 166,
					"TEXCOORD_0" : 167
					},
					"indices" : 164,
					"mode": 4,
					"material" : 30
					,"extensions": {
					"KHR_draco_mesh_compression": {
					"bufferView": 41,
					"attributes" : {
					"POSITION": 0,
					"NORMAL" : 1,
					"TEXCOORD_0" : 2
					}
					}
					}
				},
				{
					"attributes" : {
					"POSITION" : 169,
					"NORMAL" : 170,
					"TEXCOORD_0" : 171
					},
					"indices" : 168,
					"mode": 4,
					"material" : 31
					,"extensions": {
					"KHR_draco_mesh_compression": {
					"bufferView": 42,
					"attributes" : {
					"POSITION": 0,
					"NORMAL" : 1,
					"TEXCOORD_0" : 2
					}
					}
					}
				},
				{
					"attributes" : {
					"POSITION" : 173,
					"NORMAL" : 174,
					"TEXCOORD_0" : 175
					},
					"indices" : 172,
					"mode": 4,
					"material" : 32
					,"extensions": {
					"KHR_draco_mesh_compression": {
					"bufferView": 43,
					"attributes" : {
					"POSITION": 0,
					"NORMAL" : 1,
					"TEXCOORD_0" : 2
					}
					}
					}
				}
			]
		},
		{
			"primitives" : [
				{
					"attributes" : {
					"POSITION" : 177,
					"NORMAL" : 178,
					"TEXCOORD_0" : 179
					},
					"indices" : 176,
					"mode": 4,
					"material" : 33
					,"extensions": {
					"KHR_draco_mesh_compression": {
					"bufferView": 44,
					"attributes" : {
					"POSITION": 0,
					"NORMAL" : 1,
					"TEXCOORD_0" : 2
					}
					}
					}
				}
			]
		},
		{
			"primitives" : [
				{
					"attributes" : {
					"POSITION" : 181,
					"NORMAL" : 182,
					"TEXCOORD_0" : 183
					},
					"indices" : 180,
					"mode": 4,
					"material" : 34
					,"extensions": {
					"KHR_draco_mesh_compression": {
					"bufferView": 45,
					"attributes" : {
					"POSITION": 0,
					"NORMAL" : 1,
					"TEXCOORD_0" : 2
					}
					}
					}
				}
			]
		},
		{
			"primitives" : [
				{
					"attributes" : {
					"POSITION" : 185,
					"NORMAL" : 186,
					"TEXCOORD_0" : 187
					},
					"indices" : 184,
					"mode": 4,
					"material" : 0
					,"extensions": {
					"KHR_draco_mesh_compression": {
					"bufferView": 46,
					"attributes" : {
					"POSITION": 0,
					"NORMAL" : 1,
					"TEXCOORD_0" : 2
					}
					}
					}
				}
			]
		},
		{
			"primitives" : [
				{
					"attributes" : {
					"POSITION" : 189,
					"NORMAL" : 190,
					"TEXCOORD_0" : 191
					},
					"indices" : 188,
					"mode": 4,
					"material" : 0
					,"extensions": {
					"KHR_draco_mesh_compression": {
					"bufferView": 47,
					"attributes" : {
					"POSITION": 0,
					"NORMAL" : 1,
					"TEXCOORD_0" : 2
					}
					}
					}
				}
			]
		},
		{
			"primitives" : [
				{
					"attributes" : {
					"POSITION" : 193,
					"NORMAL" : 194,
					"TEXCOORD_0" : 195
					},
					"indices" : 192,
					"mode": 4,
					"material" : 35
					,"extensions": {
					"KHR_draco_mesh_compression": {
					"bufferView": 48,
					"attributes" : {
					"POSITION": 0,
					"NORMAL" : 1,
					"TEXCOORD_0" : 2
					}
					}
					}
				}
			]
		},
		{
			"primitives" : [
				{
					"attributes" : {
					"POSITION" : 197,
					"NORMAL" : 198,
					"TEXCOORD_0" : 199
					},
					"indices" : 196,
					"mode": 4,
					"material" : 33
					,"extensions": {
					"KHR_draco_mesh_compression": {
					"bufferView": 49,
					"attributes" : {
					"POSITION": 0,
					"NORMAL" : 1,
					"TEXCOORD_0" : 2
					}
					}
					}
				}
			]
		},
		{
			"primitives" : [
				{
					"attributes" : {
					"POSITION" : 201,
					"NORMAL" : 202,
					"TEXCOORD_0" : 203
					},
					"indices" : 200,
					"mode": 4,
					"material" : 17
					,"extensions": {
					"KHR_draco_mesh_compression": {
					"bufferView": 50,
					"attributes" : {
					"POSITION": 0,
					"NORMAL" : 1,
					"TEXCOORD_0" : 2
					}
					}
					}
				}
			]
		},
		{
			"primitives" : [
				{
					"attributes" : {
					"POSITION" : 205,
					"NORMAL" : 206,
					"TEXCOORD_0" : 207
					},
					"indices" : 204,
					"mode": 4,
					"material" : 0
					,"extensions": {
					"KHR_draco_mesh_compression": {
					"bufferView": 51,
					"attributes" : {
					"POSITION": 0,
					"NORMAL" : 1,
					"TEXCOORD_0" : 2
					}
					}
					}
				}
			]
		},
		{
			"primitives" : [
				{
					"attributes" : {
					"POSITION" : 209,
					"NORMAL" : 210,
					"TEXCOORD_0" : 211
					},
					"indices" : 208,
					"mode": 4,
					"material" : 0
					,"extensions": {
					"KHR_draco_mesh_compression": {
					"bufferView": 52,
					"attributes" : {
					"POSITION": 0,
					"NORMAL" : 1,
					"TEXCOORD_0" : 2
					}
					}
					}
				}
			]
		},
		{
			"primitives" : [
				{
					"attributes" : {
					"POSITION" : 213,
					"NORMAL" : 214,
					"TEXCOORD_0" : 215
					},
					"indices" : 212,
					"mode": 4,
					"material" : 33
					,"extensions": {
					"KHR_draco_mesh_compression": {
					"bufferView": 53,
					"attributes" : {
					"POSITION": 0,
					"NORMAL" : 1,
					"TEXCOORD_0" : 2
					}
					}
					}
				}
			]
		},
		{
			"primitives" : [
				{
					"attributes" : {
					"POSITION" : 217,
					"NORMAL" : 218,
					"TEXCOORD_0" : 219
					},
					"indices" : 216,
					"mode": 4,
					"material" : 33
					,"extensions": {
					"KHR_draco_mesh_compression": {
					"bufferView": 54,
					"attributes" : {
					"POSITION": 0,
					"NORMAL" : 1,
					"TEXCOORD_0" : 2
					}
					}
					}
				}
			]
		},
		{
			"primitives" : [
				{
					"attributes" : {
					"POSITION" : 221,
					"NORMAL" : 222,
					"TEXCOORD_0" : 223
					},
					"indices" : 220,
					"mode": 4,
					"material" : 0
					,"extensions": {
					"KHR_draco_mesh_compression": {
					"bufferView": 55,
					"attributes" : {
					"POSITION": 0,
					"NORMAL" : 1,
					"TEXCOORD_0" : 2
					}
					}
					}
				}
			]
		},
		{
			"primitives" : [
				{
					"attributes" : {
					"POSITION" : 225,
					"NORMAL" : 226,
					"TEXCOORD_0" : 227
					},
					"indices" : 224,
					"mode": 4,
					"material" : 0
					,"extensions": {
					"KHR_draco_mesh_compression": {
					"bufferView": 56,
					"attributes" : {
					"POSITION": 0,
					"NORMAL" : 1,
					"TEXCOORD_0" : 2
					}
					}
					}
				}
			]
		},
		{
			"primitives" : [
				{
					"attributes" : {
					"POSITION" : 229,
					"NORMAL" : 230,
					"TEXCOORD_0" : 231
					},
					"indices" : 228,
					"mode": 4,
					"material" : 0
					,"extensions": {
					"KHR_draco_mesh_compression": {
					"bufferView": 57,
					"attributes" : {
					"POSITION": 0,
					"NORMAL" : 1,
					"TEXCOORD_0" : 2
					}
					}
					}
				}
			]
		},
		{
			"primitives" : [
				{
					"attributes" : {
					"POSITION" : 233,
					"NORMAL" : 234,
					"TEXCOORD_0" : 235
					},
					"indices" : 232,
					"mode": 4,
					"material" : 0
					,"extensions": {
					"KHR_draco_mesh_compression": {
					"bufferView": 58,
					"attributes" : {
					"POSITION": 0,
					"NORMAL" : 1,
					"TEXCOORD_0" : 2
					}
					}
					}
				}
			]
		},
		{
			"primitives" : [
				{
					"attributes" : {
					"POSITION" : 237,
					"NORMAL" : 238,
					"TEXCOORD_0" : 239
					},
					"indices" : 236,
					"mode": 4,
					"material" : 0
					,"extensions": {
					"KHR_draco_mesh_compression": {
					"bufferView": 59,
					"attributes" : {
					"POSITION": 0,
					"NORMAL" : 1,
					"TEXCOORD_0" : 2
					}
					}
					}
				}
			]
		},
		{
			"primitives" : [
				{
					"attributes" : {
					"POSITION" : 241,
					"NORMAL" : 242,
					"TEXCOORD_0" : 243
					},
					"indices" : 240,
					"mode": 4,
					"material" : 0
					,"extensions": {
					"KHR_draco_mesh_compression": {
					"bufferView": 60,
